2 -0.006667 0.006667 0.000000
1 0.013333 -0.013333 0.000000
1 0.006667 -0.006667 0.000000
2 -0.013333 0.013333 0.000000
3 -0.010000 0.000000 0.010000
1 0.006667 -0.006667 0.000000
2 -0.010000 0.010000 0.000000
2 -0.003333 0.003333 0.000000
1 0.010000 -0.010000 0.000000
1 0.013333 -0.013333 0.000000
1 0.006667 -0.006667 0.000000
2 -0.013333 0.013333 0.000000
2 -0.006667 0.006667 0.000000
2 -0.006667 0.006667 0.000000
2 -0.003333 0.003333 0.000000
2 -0.013333 0.013333 0.000000
2 -0.020000 0.020000 0.000000
2 -0.013333 0.013333 0.000000
2 -0.006667 0.006667 0.000000
2 -0.013333 0.013333 0.000000
2 -0.013333 0.013333 0.000000
2 -0.020000 0.020000 0.000000
2 -0.010000 0.010000 0.000000
1 0.006667 -0.006667 0.000000
2 -0.023333 0.023333 0.000000
2 -0.010000 0.010000 0.000000
1 0.006667 -0.006667 0.000000
3 -0.006667 0.000000 0.006667
1 0.013333 -0.013333 0.000000
2 -0.013333 0.013333 0.000000
1 0.020000 -0.020000 0.000000
1 0.010000 -0.010000 0.000000
3 -0.010000 0.000000 0.010000
3 -0.016667 0.003333 0.013333
1 0.006667 -0.006667 0.000000
1 0.013333 -0.013333 0.000000
3 -0.010000 0.000000 0.010000
3 -0.010000 -0.003333 0.013333
3 -0.003333 0.000000 0.003333
3 -0.003333 -0.003333 0.006667
3 -0.006667 0.000000 0.006667
1 0.006667 -0.006667 0.000000
1 0.010000 -0.010000 0.000000
1 0.016667 -0.016667 0.000000
1 0.010000 -0.010000 0.000000
1 0.010000 -0.010000 0.000000
1 0.006667 -0.006667 0.000000
1 0.010000 -0.010000 0.000000
3 -0.006667 0.000000 0.006667
1 0.010000 -0.010000 0.000000
2 -0.013333 0.013333 0.000000
2 -0.010000 0.010000 0.000000
2 -0.010000 0.010000 0.000000
3 -0.010000 0.000000 0.010000
2 -0.030000 0.030000 0.000000
2 -0.010000 0.010000 0.000000
2 -0.016667 0.013333 0.003333
2 -0.023333 0.016667 0.006667
1 0.006667 -0.006667 0.000000
3 -0.010000 0.000000 0.010000
2 -0.006667 0.006667 0.000000
2 -0.010000 0.010000 0.000000
1 0.010000 -0.010000 0.000000
2 -0.010000 0.010000 0.000000
2 -0.013333 0.013333 0.000000
2 -0.006667 0.006667 0.000000
1 0.010000 -0.010000 0.000000
1 0.016667 -0.016667 0.000000
3 -0.020000 0.003333 0.016667
2 -0.006667 0.006667 0.000000
2 -0.016667 0.016667 0.000000
2 -0.006667 0.006667 0.000000
2 -0.023333 0.023333 0.000000
2 -0.006667 0.006667 0.000000
1 0.000000 0.000000 0.000000
2 -0.003333 0.003333 0.000000
1 0.020000 -0.020000 0.000000
2 -0.006667 0.006667 0.000000
2 -0.013333 0.013333 0.000000
2 -0.003333 0.003333 0.000000
2 -0.010000 0.010000 0.000000
1 0.010000 -0.010000 0.000000
3 -0.013333 0.000000 0.013333
2 -0.013333 0.013333 0.000000
2 -0.020000 0.020000 0.000000
2 -0.013333 0.013333 0.000000
2 -0.006667 0.006667 0.000000
2 -0.013333 0.013333 0.000000
2 -0.020000 0.020000 0.000000
2 -0.016667 0.013333 0.003333
2 -0.003333 0.003333 0.000000
2 -0.033333 0.026667 0.006667
2 -0.006667 0.006667 0.000000
2 -0.016667 0.016667 0.000000
2 -0.010000 0.010000 0.000000
2 -0.010000 0.010000 0.000000
2 -0.006667 0.006667 0.000000
3 -0.020000 0.000000 0.020000
2 -0.010000 0.010000 0.000000
2 -0.016667 0.016667 0.000000
2 -0.020000 0.020000 0.000000
3 -0.016667 0.006667 0.010000
3 -0.016667 0.000000 0.016667
2 -0.013333 0.013333 0.000000
2 -0.006667 0.006667 0.000000
2 -0.013333 0.013333 0.000000
3 -0.013333 0.000000 0.013333
3 -0.013333 0.000000 0.013333
2 -0.006667 0.006667 0.000000
3 -0.013333 0.000000 0.013333
3 -0.013333 0.000000 0.013333
2 -0.010000 0.010000 0.000000
2 -0.016667 0.016667 0.000000
2 -0.026667 0.026667 0.000000
2 -0.023333 0.023333 0.000000
2 -0.023333 0.023333 0.000000
2 -0.023333 0.023333 0.000000
2 -0.033333 0.033333 0.000000
2 -0.050000 0.050000 0.000000
2 -0.010000 0.010000 0.000000
2 -0.010000 0.010000 0.000000
2 -0.010000 0.010000 0.000000
2 -0.013333 0.013333 0.000000
2 -0.006667 0.006667 0.000000
2 -0.006667 0.006667 0.000000
2 -0.010000 0.010000 0.000000
2 -0.006667 0.006667 0.000000
2 -0.003333 0.003333 0.000000
2 -0.010000 0.010000 0.000000
1 0.010000 -0.010000 0.000000
2 -0.010000 0.010000 0.000000
2 -0.006667 0.006667 0.000000
2 -0.010000 0.010000 0.000000
2 -0.006667 0.006667 0.000000
2 -0.003333 0.003333 0.000000
2 -0.003333 0.003333 0.000000
2 -0.010000 0.010000 0.000000
2 -0.010000 0.010000 0.000000
2 -0.033333 0.033333 0.000000
2 -0.020000 0.020000 0.000000
2 -0.006667 0.006667 0.000000
2 -0.006667 0.006667 0.000000
2 -0.026667 0.026667 0.000000
2 -0.026667 0.026667 0.000000
2 -0.036667 0.033333 0.003333
2 -0.023333 0.023333 0.000000
2 -0.023333 0.023333 0.000000
2 -0.023333 0.023333 0.000000
2 -0.046667 0.046667 0.000000
2 -0.060000 0.053333 0.006667
2 -0.073333 0.066667 0.006667
2 -0.053333 0.053333 0.000000
2 -0.023333 0.023333 0.000000
2 -0.006667 0.006667 0.000000
2 -0.010000 0.010000 0.000000
2 -0.010000 0.010000 0.000000
2 -0.023333 0.023333 0.000000
2 -0.010000 0.010000 0.000000
2 -0.016667 0.016667 0.000000
2 -0.013333 0.013333 0.000000
2 -0.023333 0.023333 0.000000
3 -0.010000 0.000000 0.010000
2 -0.006667 0.006667 0.000000
1 0.013333 -0.013333 0.000000
2 -0.006667 0.006667 0.000000
2 -0.036667 0.036667 0.000000
2 -0.023333 0.023333 0.000000
2 -0.020000 0.020000 0.000000
2 -0.013333 0.013333 0.000000
2 -0.006667 0.006667 0.000000
2 -0.033333 0.026667 0.006667
2 -0.003333 0.003333 0.000000
2 -0.010000 0.010000 0.000000
2 -0.006667 0.006667 0.000000
2 -0.006667 0.006667 0.000000
2 -0.016667 0.016667 0.000000
2 -0.016667 0.016667 0.000000
1 0.006667 -0.006667 0.000000
2 -0.003333 0.003333 0.000000
2 -0.006667 0.006667 0.000000
2 -0.006667 0.006667 0.000000
2 -0.040000 0.040000 0.000000
2 -0.006667 0.006667 0.000000
3 -0.013333 0.000000 0.013333
3 -0.016667 0.000000 0.016667
1 0.006667 -0.006667 0.000000
2 -0.023333 0.023333 0.000000
2 -0.026667 0.013333 0.013333
1 0.006667 -0.006667 0.000000
2 -0.010000 0.010000 0.000000
2 -0.010000 0.010000 0.000000
2 -0.006667 0.006667 0.000000
2 -0.016667 0.013333 0.003333
2 -0.013333 0.013333 0.000000
1 0.010000 -0.010000 0.000000
2 -0.010000 0.010000 0.000000
1 0.003333 -0.003333 0.000000
2 -0.053333 0.053333 0.000000
2 -0.013333 0.013333 0.000000
2 -0.010000 0.010000 0.000000
3 -0.013333 0.000000 0.013333
1 0.006667 -0.006667 0.000000
1 0.006667 -0.006667 0.000000
1 0.006667 -0.006667 0.000000
1 0.006667 -0.006667 0.000000
2 -0.016667 0.016667 0.000000
1 0.010000 -0.010000 0.000000
2 -0.003333 0.003333 0.000000
1 0.010000 -0.010000 0.000000
1 0.006667 -0.006667 0.000000
2 -0.023333 0.023333 0.000000
3 -0.010000 0.000000 0.010000
1 0.000000 0.000000 0.000000
2 -0.013333 0.013333 0.000000
2 -0.010000 0.010000 0.000000
1 0.010000 -0.013333 0.003333
1 0.016667 -0.016667 0.000000
3 -0.006667 0.000000 0.006667
2 -0.010000 0.010000 0.000000
2 -0.010000 0.010000 0.000000
2 -0.020000 0.020000 0.000000
1 0.010000 -0.010000 0.000000
2 -0.006667 0.006667 0.000000
2 -0.030000 0.023333 0.006667
1 0.026667 -0.030000 0.003333
1 0.016667 -0.016667 0.000000
1 0.010000 -0.010000 0.000000
2 -0.006667 0.006667 0.000000
2 -0.016667 0.016667 0.000000
2 -0.006667 0.006667 0.000000
1 0.013333 -0.013333 0.000000
2 -0.013333 0.010000 0.003333
2 -0.006667 0.006667 0.000000
2 -0.010000 0.010000 0.000000
2 -0.003333 0.003333 0.000000
1 0.003333 -0.003333 0.000000
1 0.003333 -0.003333 0.000000
2 -0.013333 0.013333 0.000000
1 0.006667 -0.006667 0.000000
3 -0.006667 0.000000 0.006667
1 0.006667 -0.006667 0.000000
1 0.006667 -0.006667 0.000000
3 -0.006667 0.000000 0.006667
3 -0.010000 0.003333 0.006667
1 0.010000 -0.010000 0.000000
2 -0.006667 0.006667 0.000000
1 0.016667 -0.016667 0.000000
1 0.016667 -0.016667 0.000000
1 0.006667 -0.006667 0.000000
1 0.006667 -0.006667 0.000000
1 0.013333 -0.013333 0.000000
1 0.006667 -0.006667 0.000000
3 -0.010000 0.000000 0.010000
3 -0.013333 0.000000 0.013333
3 -0.010000 0.000000 0.010000
1 0.003333 -0.006667 0.003333
2 -0.010000 0.010000 0.000000
1 0.010000 -0.010000 0.000000
2 -0.010000 0.010000 0.000000
2 -0.006667 0.006667 0.000000
2 -0.023333 0.023333 0.000000
2 -0.010000 0.010000 0.000000
2 -0.010000 0.010000 0.000000
1 0.013333 -0.013333 0.000000
2 -0.003333 0.003333 0.000000
1 0.013333 -0.013333 0.000000
2 -0.006667 0.006667 0.000000
2 -0.030000 0.030000 0.000000
2 -0.030000 0.030000 0.000000
2 -0.033333 0.033333 0.000000
2 -0.026667 0.026667 0.000000
2 -0.050000 0.050000 0.000000
1 0.010000 -0.010000 0.000000
1 0.006667 -0.006667 0.000000
2 -0.006667 0.006667 0.000000
2 -0.013333 0.013333 0.000000
2 -0.013333 0.010000 0.003333
3 -0.026667 0.010000 0.016667
2 -0.006667 0.006667 0.000000
2 -0.013333 0.013333 0.000000
2 -0.020000 0.020000 0.000000
2 -0.040000 0.040000 0.000000
2 -0.010000 0.010000 0.000000
2 -0.006667 0.006667 0.000000
2 -0.006667 0.006667 0.000000
2 -0.006667 0.006667 0.000000
2 -0.010000 0.010000 0.000000
2 -0.013333 0.013333 0.000000
2 -0.003333 0.003333 0.000000
2 -0.006667 0.006667 0.000000
2 -0.013333 0.013333 0.000000
2 -0.013333 0.013333 0.000000
2 -0.020000 0.020000 0.000000
2 -0.006667 0.006667 0.000000
2 -0.010000 0.010000 0.000000
1 0.006667 -0.006667 0.000000
1 0.010000 -0.010000 0.000000
2 -0.010000 0.010000 0.000000
2 -0.016667 0.016667 0.000000
2 -0.010000 0.010000 0.000000
