1 0.000741 -0.000741 0.000000
1 0.000000 0.000000 0.000000
2 -0.001852 0.001111 0.000741
1 0.001852 -0.002963 0.001111
3 0.000370 -0.001481 0.001111
3 -0.000741 -0.000370 0.001111
3 -0.000370 -0.000741 0.001111
3 -0.000741 -0.000370 0.001111
3 -0.000370 -0.000741 0.001111
3 -0.000741 -0.000370 0.001111
3 -0.000741 -0.000370 0.001111
1 0.002222 -0.003333 0.001111
3 -0.000370 -0.000741 0.001111
3 -0.000741 -0.000370 0.001111
3 -0.000741 -0.000370 0.001111
3 -0.001111 0.000000 0.001111
1 0.000000 -0.000000 0.000000
1 0.001111 -0.001111 0.000000
1 0.000000 0.000000 0.000000
1 0.000741 -0.001481 0.000741
1 0.002222 -0.002222 0.000000
3 0.000000 -0.000370 0.000370
1 0.000000 0.000000 0.000000
1 0.000370 -0.000370 0.000000
1 0.000000 0.000000 0.000000
1 0.000000 0.000000 0.000000
1 0.000741 -0.000741 0.000000
1 0.001481 -0.001481 0.000000
2 -0.001481 0.001481 0.000000
1 0.000370 -0.000370 0.000000
1 0.004074 -0.008148 0.004074
1 0.000000 0.000000 0.000000
1 0.002222 -0.002222 0.000000
1 0.000741 -0.000741 0.000000
3 0.000000 -0.000741 0.000741
1 0.000370 -0.000370 0.000000
3 -0.002593 -0.008889 0.011481
3 0.001111 -0.002593 0.001481
1 0.000370 -0.000370 0.000000
1 0.000000 0.000000 0.000000
1 0.000370 -0.000370 0.000000
1 0.001481 -0.001481 0.000000
1 0.000741 -0.001111 0.000370
1 0.001481 -0.001852 0.000370
1 0.000000 0.000000 0.000000
1 0.001481 -0.001852 0.000370
1 0.000370 -0.000370 0.000000
1 0.001111 -0.001111 0.000000
1 0.000741 -0.001111 0.000370
3 -0.000741 0.000000 0.000741
1 0.001481 -0.001481 0.000000
1 0.000000 0.000000 0.000000
1 0.000000 0.000000 0.000000
1 0.000370 -0.000370 0.000000
1 0.001852 -0.001852 0.000000
1 0.001111 -0.001111 0.000000
3 -0.001852 0.000000 0.001852
1 0.000370 -0.000370 0.000000
2 -0.001111 0.001111 0.000000
3 0.000000 -0.000370 0.000370
1 0.007407 -0.007407 0.000000
1 0.000741 -0.000741 0.000000
1 0.003704 -0.003704 0.000000
1 0.002593 -0.002593 0.000000
2 -0.000741 0.000741 0.000000
1 0.001481 -0.001481 0.000000
3 -0.002963 -0.000370 0.003333
1 0.000000 0.000000 0.000000
1 0.000741 -0.000741 0.000000
1 0.001111 -0.001481 0.000370
1 0.002963 -0.002963 0.000000
1 0.000741 -0.001111 0.000370
1 0.000741 -0.001481 0.000741
1 0.000370 -0.000370 0.000000
1 0.000000 0.000000 0.000000
1 0.000000 0.000000 0.000000
1 0.001852 -0.002593 0.000741
1 0.000000 0.000000 0.000000
2 -0.000370 0.000370 0.000000
2 -0.001111 0.001111 0.000000
1 0.000000 0.000000 0.000000
3 0.000000 -0.000370 0.000370
1 0.001111 -0.001852 0.000741
1 0.003333 -0.003704 0.000370
1 0.001111 -0.001111 0.000000
1 0.000000 0.000000 0.000000
2 -0.000370 0.000370 0.000000
3 -0.000370 0.000000 0.000370
3 -0.000370 0.000000 0.000370
1 0.000000 0.000000 0.000000
1 0.000000 0.000000 0.000000
1 0.000741 -0.000741 0.000000
1 0.000000 0.000000 0.000000
3 -0.000370 0.000000 0.000370
3 -0.000370 0.000000 0.000370
3 -0.000370 -0.002593 0.002963
1 0.000000 0.000000 0.000000
1 0.000370 -0.000370 0.000000
1 0.002222 -0.002222 0.000000
1 0.000000 0.000000 0.000000
2 -0.000370 0.000370 0.000000
3 -0.000741 0.000370 0.000370
1 0.000000 0.000000 0.000000
1 0.006667 -0.008519 0.001852
1 0.000370 -0.000370 0.000000
1 0.000000 0.000000 0.000000
1 0.000000 0.000000 0.000000
1 0.000370 -0.000370 0.000000
2 -0.001481 0.001481 0.000000
1 0.000000 0.000000 0.000000
1 0.001481 -0.001481 0.000000
1 0.000000 0.000000 0.000000
2 -0.000370 0.000370 0.000000
1 0.000000 0.000000 0.000000
1 0.000000 0.000000 0.000000
3 -0.002593 -0.008519 0.011111
1 0.000370 -0.000370 0.000000
1 0.000000 0.000000 0.000000
1 0.000000 0.000000 0.000000
3 0.000000 -0.000741 0.000741
1 0.000370 -0.000370 0.000000
1 0.000370 -0.000370 0.000000
1 0.000000 0.000000 0.000000
1 0.000000 0.000000 0.000000
1 0.000741 -0.001111 0.000370
1 0.000370 -0.000741 0.000370
1 0.001481 -0.001852 0.000370
1 0.000000 0.000000 0.000000
1 0.000000 0.000000 0.000000
1 0.002222 -0.002222 0.000000
2 -0.000370 0.000370 0.000000
1 0.000370 -0.000370 0.000000
1 0.000000 0.000000 0.000000
3 0.000000 -0.000370 0.000370
1 0.000741 -0.001111 0.000370
1 0.000370 -0.000370 0.000000
2 -0.000370 0.000370 0.000000
1 0.000000 0.000000 0.000000
1 0.000741 -0.000741 0.000000
1 0.007037 -0.008889 0.001852
1 0.002963 -0.002963 0.000000
3 -0.001111 -0.000370 0.001481
1 0.000000 0.000000 0.000000
1 0.000000 0.000000 0.000000
1 0.000000 0.000000 0.000000
1 0.000370 -0.000370 0.000000
3 -0.001481 -0.001111 0.002593
1 0.001111 -0.001481 0.000370
1 0.000000 0.000000 0.000000
1 0.000370 -0.000370 0.000000
1 0.002222 -0.004074 0.001852
3 0.000000 -0.000370 0.000370
1 0.004444 -0.005556 0.001111
1 0.005185 -0.006296 0.001111
1 0.004074 -0.005185 0.001111
3 -0.000370 -0.010000 0.010370
1 0.000741 -0.000741 0.000000
2 -0.000370 0.000370 0.000000
3 -0.002963 -0.000370 0.003333
2 -0.001481 0.001481 0.000000
1 0.000370 -0.000370 0.000000
1 0.000370 -0.000370 0.000000
1 0.002593 -0.002593 0.000000
1 0.000370 -0.000370 0.000000
1 0.000370 -0.000370 0.000000
1 0.000370 -0.000370 0.000000
1 0.000370 -0.000370 0.000000
1 0.000741 -0.000741 0.000000
1 0.004815 -0.005556 0.000741
1 0.000000 0.000000 0.000000
1 0.000000 0.000000 0.000000
1 0.000370 -0.000370 0.000000
1 0.001111 -0.001111 0.000000
1 0.000000 0.000000 0.000000
1 0.000000 0.000000 0.000000
1 0.000000 0.000000 0.000000
1 0.000741 -0.001111 0.000370
1 0.003704 -0.004444 0.000741
1 0.000000 0.000000 0.000000
1 0.002593 -0.002593 0.000000
1 0.000000 0.000000 0.000000
1 0.000741 -0.000741 0.000000
1 0.000000 0.000000 0.000000
1 0.000741 -0.000741 0.000000
1 0.003704 -0.003704 0.000000
1 0.001852 -0.001852 0.000000
1 0.004815 -0.004815 0.000000
1 0.000741 -0.000741 0.000000
1 0.000000 0.000000 0.000000
1 0.000370 -0.000370 0.000000
1 0.002222 -0.002222 0.000000
3 0.000370 -0.001111 0.000741
1 0.000370 -0.000370 0.000000
1 0.003333 -0.003704 0.000370
1 0.002222 -0.002222 0.000000
1 0.001481 -0.001481 0.000000
3 0.000000 -0.000370 0.000370
2 -0.000370 0.000370 0.000000
1 0.001111 -0.001111 0.000000
1 0.001852 -0.001852 0.000000
1 0.001481 -0.001481 0.000000
1 0.000000 0.000000 0.000000
1 0.000000 0.000000 0.000000
3 0.001481 -0.004074 0.002593
1 0.000370 -0.000741 0.000370
1 0.000000 0.000000 0.000000
1 0.008519 -0.014074 0.005556
1 0.005556 -0.005926 0.000370
3 -0.000370 0.000000 0.000370
1 0.001111 -0.001111 0.000000
1 0.001111 -0.001481 0.000370
1 0.000000 0.000000 0.000000
1 0.000000 0.000000 0.000000
1 0.000370 -0.000370 0.000000
1 0.000000 0.000000 0.000000
2 -0.001852 0.001111 0.000741
1 0.000000 0.000000 0.000000
1 0.000741 -0.001481 0.000741
3 0.000000 -0.000370 0.000370
3 -0.000370 0.000000 0.000370
1 0.006296 -0.008148 0.001852
3 -0.000370 0.000000 0.000370
3 -0.000741 0.000000 0.000741
1 0.002222 -0.002222 0.000000
1 0.002222 -0.002222 0.000000
1 0.001111 -0.001481 0.000370
1 0.001852 -0.001852 0.000000
1 0.000000 0.000000 0.000000
1 0.000000 0.000000 0.000000
1 0.000000 0.000000 0.000000
3 0.000000 -0.000370 0.000370
1 0.006667 -0.006667 0.000000
1 0.000000 0.000000 0.000000
1 0.002963 -0.002963 0.000000
1 0.000370 -0.000741 0.000370
1 0.000370 -0.000370 0.000000
1 0.000000 0.000000 0.000000
1 0.000000 0.000000 0.000000
1 0.000370 -0.000370 0.000000
2 -0.000741 0.000741 0.000000
1 0.001852 -0.001852 0.000000
2 -0.001852 0.001111 0.000741
3 -0.000370 0.000000 0.000370
1 0.000370 -0.000370 0.000000
3 0.000370 -0.001481 0.001111
1 0.001111 -0.001481 0.000370
2 -0.000370 0.000370 0.000000
1 0.004074 -0.004074 0.000000
1 0.000370 -0.000370 0.000000
1 0.000000 0.000000 0.000000
1 0.000000 0.000000 0.000000
1 0.000000 0.000000 0.000000
1 0.000000 0.000000 0.000000
3 -0.000370 -0.000370 0.000741
1 0.006667 -0.008889 0.002222
3 0.000000 -0.000370 0.000370
1 0.001852 -0.001852 0.000000
1 0.002222 -0.002222 0.000000
1 0.000000 0.000000 0.000000
1 0.001852 -0.002222 0.000370
1 0.000000 0.000000 0.000000
1 0.000000 0.000000 0.000000
1 0.000370 -0.000370 0.000000
1 0.000000 0.000000 0.000000
1 0.000000 0.000000 0.000000
1 0.004815 -0.005185 0.000370
1 0.000000 0.000000 0.000000
1 0.000741 -0.000741 0.000000
1 0.000741 -0.000741 0.000000
1 0.005556 -0.007407 0.001852
3 -0.000370 -0.000741 0.001111
3 -0.001852 0.000000 0.001852
1 0.001481 -0.001481 0.000000
1 0.003704 -0.004444 0.000741
1 0.001852 -0.003333 0.001481
1 0.005185 -0.005926 0.000741
3 0.001481 -0.004815 0.003333
1 0.003704 -0.004444 0.000741
1 0.007037 -0.008148 0.001111
1 0.000000 0.000000 0.000000
1 0.002593 -0.003333 0.000741
1 0.000370 -0.000370 0.000000
1 0.000000 0.000000 0.000000
1 0.001111 -0.001111 0.000000
1 0.001111 -0.001111 0.000000
1 0.002222 -0.002222 0.000000
1 0.000370 -0.000741 0.000370
1 0.000370 -0.000370 0.000000
1 0.002963 -0.002963 0.000000
1 0.000370 -0.000370 0.000000
1 0.000370 -0.000370 0.000000
1 0.001852 -0.002963 0.001111
1 0.000370 -0.000370 0.000000
1 0.000741 -0.000741 0.000000
2 -0.000370 0.000370 0.000000
1 0.000000 0.000000 0.000000
2 -0.001481 0.000741 0.000741
1 0.000741 -0.000741 0.000000
1 0.007037 -0.008889 0.001852
1 0.004074 -0.004074 0.000000
